20260438606
20260438614
20260438615
20260438623
20260438714
20260438715
20260438717
20260438734
20260438755
20260438773
20260438780
20260438783
20260438805
20260438806
20260438807
20260438818
20260438823
20260438833
20260438881
20260438919
20260438943
20260438980
20260439012
20260439019
20260439035
20260439082
20260439103
20260439109
20260439140
20260439147
20260439148
20260439153
20260439166
20260439176
20260439177
20260439179
20260439185
20260439208
20260439209
20260439210
20260439211
20260439212
20260439213
20260439214
20260439215
20260439222
20260439223
20260439224
20260439225
20260439226
20260439227
20260439228
20260439229
20260439230
20260439231
20260439232
20260439233
20260439234
20260439235
20260439236
20260439237
20260439238
20260439239
20260439240
20260439247
20260439248
20260439249
20260439250
20260439251
20260439252
20260439253
20260439254
20260439255
20260439256
20260439257
20260439258
20260439259
20260439260
20260439261
20260439262
20260439263
20260439264
20260439265
20260439272
20260439273
20260439274
20260439275
20260439276
20260439277
20260439278
20260439279
20260439280
20260439281
20260439282
20260439283
20260439284
20260439285
20260439286
20260439287
20260439288
20260439289
20260439297
20260439301
20260439302
20260439303
20260439304
20260439305
20260439307
20260439308
20260439310
20260439311
20260439312
20260439316
20260439337
20260439338
20260439339
20260439340
20260439347
20260439348
20260439349
20260439350
20260439351
20260439352
20260439353
20260439354
20260439355
20260439356
20260439357
20260439358
20260439359
20260439360
20260439361
20260439362
20260439363
20260439364
20260439365
20260439372
20260439373
20260439374
20260439375
20260439376
20260439377
20260439378
20260439379
20260439380
20260439381
20260439382
20260439383
20260439384
20260439385
20260439386
20260439387
20260439388
20260439389
20260439390
20260439397
20260439398
20260439399
20260439403
20260439404
20260439423
20260439424
20260439425
20260439426
20260439427
20260439428
20260439429
20260439430
20260439431
20260439432
20260439433
20260439434
20260439435
20260439436
20260439437
20260439438
20260439439
20260439441
20260439447
20260439448
20260439449
20260439450
20260439451
20260439452
20260439453
20260439454
20260439455
20260439456
20260439457
20260439458
20260439459
20260439460
20260439461
20260439462
20260439463
20260439464
20260439465
20260439472
20260439473
20260439518
20260439519
20260439520
20260439521
20260439522
20260439523
20260439524
20260439525
20260439526
20260439527
20260439528
20260439529
20260439530
20260439531
20260439532
20260439539
20260439540
20260439541
20260439542
20260439543
20260439544
20260439545
20260439546
20260439547
20260439548
20260439549
20260439550
20260439551
20260439552
20260439553
20260439554
20260439555
20260439556
20260439557
20260439564
20260439565
20260439566
20260439567
20260439568
20260439569
20260439570
20260439571
20260439572
20260439573
20260439574
20260439575
20260439576
20260439577
20260439578
20260439579
20260439580
20260439581
20260439582
20260439589
20260439590
20260439591
20260439592
20260439593
20260439594
20260439595
20260439596
20260439597
20260439598
20260439599
20260439600
20260439601
20260439602
20260439603
20260439604
20260439605
20260439606
20260439608
20260439614
20260439615
20260439616
20260439617
20260439624
20260439625
20260439626
20260439627
20260439628
20260439629
20260439630
20260439631
20260439633
20260439639
20260439640
20260439641
20260439642
20260439643
20260439644
20260439645
20260439646
20260439647
20260439648
20260439649
20260439650
20260439651
20260439652
20260439653
20260439654
20260439655
20260439656
20260439657
20260439664
20260439665
20260439666
20260439667
20260439668
20260439669
20260439670
20260439671
20260439672
20260439673
20260439674
20260439675
20260439676
20260439677
20260439678
20260439679
20260439680
20260439681
20260439682
20260439689
20260439690
20260439691
20260439692
20260439693
20260439694
20260439695
20260439696
20260439697
20260439698
20260439699
20260439700
20260439701
20260439702
20260439703
20260439704
20260439705
20260439706
20260439708
20260439714
20260439715
20260439716
20260439717
20260439718
20260439719
20260439720
20260439721
20260439722
20260439723
20260439725
20260439818
20260439878
20260439882
20260439924
20260439939
20260439996
20260440019
20260440033
20260440048
20260440092
20260440093
20260440094
20260440095
20260440096
20260440097
20260440098
20260440099
20260440110
20260440112
20260440132
20260440134
20260440197
20260440243
20260440248
20260440249
20260440274
20260440289
20260440296
20260440322
20260440323
20260440347
20260440348
20260440356
20260440357
20260440368
20260440372
20260440374
20260440385
20260440416
20260440455
20260440474
20260440484
20260440515
20260440523
20260440533
20260440538
20260440539
20260440557
20260440581
20260440590
20260440609
20260440626
20260440628
20260440629
20260440632
20260440651
20260440660
20260440736
20260440757
20260440763
20260440764
20260440780
20260440801
20260440803
20260440820
20260440829
20260440880
20260440998
20260441023
20260441041
20260441042
20260441057
20260441058
20260441094
20260441115
20260441121
20260441123
20260441124
20260441147
20260441183
20260441192
20260441200
20260441244
20260441247
20260441248
20260441265
20260441275
20260441298
20260441299
20260441300
20260441340
20260441366
20260441414
20260441418
20260441444
20260441461
20260441462
20260441471
20260441494
20260441561
20260441695
20260441711
20260441712
20260441713
20260441740
20260441752
20260441810
20260441978
20260442024
20260442025
20260442191
20260442357
20260442359
20260442445
20260442446
20260442503
20260442584
20260442595
20260442616
20260442636
20260442722
20260442775
20260442785
20260442788
20260442838
20260442938
20260442948
20260443013
20260443014
20260443016
20260443017
20260443019
20260443020
20260443022
20260443023
20260443026
20260443028
20260443029
20260443030
20260443031
20260443032
20260443033
20260443034
20260443035
20260443036
20260443037
20260443039
20260443040
20260443041
20260443042
20260443044
20260443050
20260443051
20260443052
20260443053
20260443054
20260443055
20260443057
20260443058
20260443059
20260443060
20260443061
20260443062
20260443063
20260443064
20260443065
20260443066
20260443067
20260443068
20260443075
20260443076
20260443077
20260443079
20260443081
20260443082
20260443083
20260443084
20260443085
20260443086
20260443087
20260443088
20260443089
20260443090
20260443091
20260443092
20260443093
20260443100
20260443101
20260443102
20260443103
20260443104
20260443105
20260443106
20260443107
20260443108
20260443109
20260443110
20260443111
20260443112
20260443113
20260443114
20260443115
20260443116
20260443117
20260443118
20260443126
20260443128
20260443130
20260443132
20260443134
20260443136
20260443138
20260443140
20260443142
20260443150
20260443152
20260443154
20260443156
20260443158
20260443159
20260443160
20260443190
20260443191
20260443192
20260443194
20260443200
20260443201
20260443202
20260443203
20260443204
20260443205
20260443206
20260443207
20260443208
20260443262
20260443266
20260443303
20260443307
20260443335
20260443350
20260443381
20260443385
20260443435
20260443457
20260443470
20260443492
20260443509
20260443555
20260443578
20260443579
20260443580
20260443609
20260443617
20260443642
20260443659
20260443732
20260443768
20260443778
20260443828
20260443830
20260443831
20260443854
20260443855
20260443867
20260443897
20260443927
20260443973
20260443974
20260444014
20260444051
20260444084
20260444085
20260444086
20260444087
20260444101
20260444103
20260444165
20260444177
20260444209
20260444210
20260444213
20260444237
20260444269
20260444289
20260444290
20260444291
20260444292
20260444293
20260444294
20260444295
20260444296
20260444297
20260444298
20260444299
20260444300
20260444301
20260444317
20260444355
20260444405
20260444407
20260444461
20260444482
20260444489
20260444514
20260444517
20260444527
20260444537
20260444538
20260444554
20260444577
20260444594
20260444614
20260444628
20260444631
20260444635
20260444636
20260444643
20260444662
20260444680
20260444717
20260444745
20260444766
20260444780
20260444783
20260444798
20260444805
20260444808
20260444822
20260444893
20260444894
20260444895
20260444906
20260444929
20260444934
20260444936
20260444956
20260444985
20260445001
20260445028
20260445030
20260445050
20260445079
20260445107
20260445158
20260445169
20260445211
20260445288
20260445298
20260445366
20260445376
20260445387
20260445435
20260445436
20260445437
20260445438
20260445449
20260445473
20260445494
20260445502
20260445511
20260445512
20260445514
20260445515
20260445516
20260445520
20260445521
20260445523
20260445525
20260445526
20260445527
20260445528
20260445535
20260445536
20260445537
20260445538
20260445539
20260445540
20260445541
20260445543
20260445545
20260445546
20260445551
20260445575
20260445590
20260445601
20260445758
20260445781
20260445791
20260445792
20260445794
20260445870
20260445882
20260445893
20260445960
20260446009
20260446013
20260446029
20260446032
20260446096
20260446153
20260446161
20260446227
20260446228
20260446232
20260446247
20260446248
20260446252
20260446254
20260446256
20260446257
20260446269
20260446270
20260446271
20260446272
20260446274
20260446276
20260446277
20260446278
20260446279
20260446280
20260446281
20260446282
20260446283
20260446284
20260446285
20260446286
20260446288
20260446295
20260446296
20260446297
20260446298
20260446299
20260446300
20260446301
20260446302
20260446303
20260446304
20260446305
20260446307
20260446308
20260446309
20260446310
20260446311
20260446313
20260446319
20260446320
20260446321
20260446323
20260446324
20260446325
20260446327
20260446328
20260446329
20260446330
20260446331
20260446332
20260446333
20260446334
20260446335
20260446345
20260446347
20260446349
20260446351
20260446353
20260446355
20260446357
20260446359
20260446361
20260446369
20260446371
20260446373
20260446375
20260446377
20260446379
20260446381
20260446383
20260446385
20260446387
20260446444
20260446445
20260446446
20260446447
20260446448
20260446449
20260446450
20260446451
20260446452
20260446453
20260446454
20260446455
20260446456
20260446457
20260446458
20260446459
20260446460
20260446461
20260446462
20260446469
20260446470
20260446471
20260446472
20260446473
20260446474
20260446475
20260446476
20260446477
20260446478
20260446479
20260446480
20260446481
20260446482
20260446483
20260446484
20260446485
20260446486
20260446487
20260446494
20260446495
20260446496
20260446497
20260446498
20260446499
20260446500
20260446501
20260446502
20260446503
20260446504
20260446505
20260446535
20260446548
20260446574
20260446644
20260446645
20260446690
20260446692
20260446693
20260446747
20260446761
20260446771
20260446775
20260446779
20260446787
20260446797
20260446842
20260446845
20260446874
20260446889
20260446894
20260446970
20260446995
20260446999
20260447002
20260447004
20260447006
20260447016
20260447029
20260447032
20260447068
20260447166
20260447172
20260447220
20260447246
20260447256
20260447268
20260447284
20260447285
20260447316
20260447342
20260447346
20260447392
20260447393
20260447394
20260447404
20260447421
20260447429
20260447432
20260447433
